{
 "cells": [
  {
   "cell_type": "code",
   "execution_count": 5,
   "metadata": {},
   "outputs": [],
   "source": [
    "import numpy\n",
    "from numpy import *\n",
    "import csv\n",
    "import pandas as pd "
   ]
  },
  {
   "cell_type": "code",
   "execution_count": 25,
   "metadata": {},
   "outputs": [
    {
     "data": {
      "text/html": [
       "<div>\n",
       "<style scoped>\n",
       "    .dataframe tbody tr th:only-of-type {\n",
       "        vertical-align: middle;\n",
       "    }\n",
       "\n",
       "    .dataframe tbody tr th {\n",
       "        vertical-align: top;\n",
       "    }\n",
       "\n",
       "    .dataframe thead th {\n",
       "        text-align: right;\n",
       "    }\n",
       "</style>\n",
       "<table border=\"1\" class=\"dataframe\">\n",
       "  <thead>\n",
       "    <tr style=\"text-align: right;\">\n",
       "      <th></th>\n",
       "      <th>External Metabolite</th>\n",
       "      <th>rate</th>\n",
       "      <th>rate_1</th>\n",
       "    </tr>\n",
       "  </thead>\n",
       "  <tbody>\n",
       "    <tr>\n",
       "      <th>0</th>\n",
       "      <td>albumin</td>\n",
       "      <td>1.56 ± 2.5</td>\n",
       "      <td>1.33±7.37</td>\n",
       "    </tr>\n",
       "    <tr>\n",
       "      <th>1</th>\n",
       "      <td>glucose</td>\n",
       "      <td>32.64±4.54</td>\n",
       "      <td>55.79±7.12*</td>\n",
       "    </tr>\n",
       "    <tr>\n",
       "      <th>2</th>\n",
       "      <td>lactate</td>\n",
       "      <td>0±0</td>\n",
       "      <td>23.60±4.87*</td>\n",
       "    </tr>\n",
       "    <tr>\n",
       "      <th>3</th>\n",
       "      <td>urea</td>\n",
       "      <td>51.76±2.07</td>\n",
       "      <td>60.24±2.85*</td>\n",
       "    </tr>\n",
       "    <tr>\n",
       "      <th>4</th>\n",
       "      <td>NH3</td>\n",
       "      <td>1.27±4.55</td>\n",
       "      <td>-24.16±1.73*</td>\n",
       "    </tr>\n",
       "    <tr>\n",
       "      <th>5</th>\n",
       "      <td>ASP</td>\n",
       "      <td>0.53±0.28</td>\n",
       "      <td>0.76±0.28</td>\n",
       "    </tr>\n",
       "    <tr>\n",
       "      <th>6</th>\n",
       "      <td>GLU</td>\n",
       "      <td>6.51±0.41</td>\n",
       "      <td>10.18±0.78*</td>\n",
       "    </tr>\n",
       "    <tr>\n",
       "      <th>7</th>\n",
       "      <td>SER</td>\n",
       "      <td>-4.05±0.85</td>\n",
       "      <td>-3.50±1.02</td>\n",
       "    </tr>\n",
       "    <tr>\n",
       "      <th>8</th>\n",
       "      <td>ASN</td>\n",
       "      <td>0.02±0.15</td>\n",
       "      <td>-0.08±0.01</td>\n",
       "    </tr>\n",
       "    <tr>\n",
       "      <th>9</th>\n",
       "      <td>GLY</td>\n",
       "      <td>-3.01±0.53</td>\n",
       "      <td>-4.02±0.91</td>\n",
       "    </tr>\n",
       "    <tr>\n",
       "      <th>10</th>\n",
       "      <td>GLN</td>\n",
       "      <td>-36.57±5.40</td>\n",
       "      <td>-30.62±2.42</td>\n",
       "    </tr>\n",
       "    <tr>\n",
       "      <th>11</th>\n",
       "      <td>HIS</td>\n",
       "      <td>-1.87±0.55</td>\n",
       "      <td>-0.77±0.32</td>\n",
       "    </tr>\n",
       "    <tr>\n",
       "      <th>12</th>\n",
       "      <td>THR</td>\n",
       "      <td>-3.89±0.94</td>\n",
       "      <td>-2.77±1.33</td>\n",
       "    </tr>\n",
       "    <tr>\n",
       "      <th>13</th>\n",
       "      <td>ARG</td>\n",
       "      <td>-9.97±1.87</td>\n",
       "      <td>-3.27±0.52*</td>\n",
       "    </tr>\n",
       "    <tr>\n",
       "      <th>14</th>\n",
       "      <td>ALA</td>\n",
       "      <td>1.08±0.28</td>\n",
       "      <td>1.17±0.59</td>\n",
       "    </tr>\n",
       "    <tr>\n",
       "      <th>15</th>\n",
       "      <td>PRO</td>\n",
       "      <td>0.98±0.64</td>\n",
       "      <td>0.84±0.30</td>\n",
       "    </tr>\n",
       "    <tr>\n",
       "      <th>16</th>\n",
       "      <td>TYR</td>\n",
       "      <td>1.15±0.42</td>\n",
       "      <td>-0.27±0.70</td>\n",
       "    </tr>\n",
       "    <tr>\n",
       "      <th>17</th>\n",
       "      <td>CYS</td>\n",
       "      <td>0.26±0.19</td>\n",
       "      <td>0.076±0.15</td>\n",
       "    </tr>\n",
       "    <tr>\n",
       "      <th>18</th>\n",
       "      <td>VAL</td>\n",
       "      <td>1.11±1.20</td>\n",
       "      <td>0.80±1.49</td>\n",
       "    </tr>\n",
       "    <tr>\n",
       "      <th>19</th>\n",
       "      <td>MET</td>\n",
       "      <td>-0.64±0.33</td>\n",
       "      <td>-1.01±0.36</td>\n",
       "    </tr>\n",
       "    <tr>\n",
       "      <th>20</th>\n",
       "      <td>ILE</td>\n",
       "      <td>0.52±1.09</td>\n",
       "      <td>0.21±1.23</td>\n",
       "    </tr>\n",
       "    <tr>\n",
       "      <th>21</th>\n",
       "      <td>ORN</td>\n",
       "      <td>4.58±0.50</td>\n",
       "      <td>1.24±0.35*</td>\n",
       "    </tr>\n",
       "    <tr>\n",
       "      <th>22</th>\n",
       "      <td>LEU</td>\n",
       "      <td>1.35±1.09</td>\n",
       "      <td>0.58±1.28</td>\n",
       "    </tr>\n",
       "    <tr>\n",
       "      <th>23</th>\n",
       "      <td>LYS</td>\n",
       "      <td>-3.03±1.17</td>\n",
       "      <td>-2.26±1.47</td>\n",
       "    </tr>\n",
       "    <tr>\n",
       "      <th>24</th>\n",
       "      <td>PHE</td>\n",
       "      <td>-2.75±0.38</td>\n",
       "      <td>-3.87±0.58</td>\n",
       "    </tr>\n",
       "    <tr>\n",
       "      <th>25</th>\n",
       "      <td>acetoacetate</td>\n",
       "      <td>11.88±1.43</td>\n",
       "      <td>6.35±0.28*</td>\n",
       "    </tr>\n",
       "    <tr>\n",
       "      <th>26</th>\n",
       "      <td>β-hydroxybutyrate</td>\n",
       "      <td>15.12±1.24</td>\n",
       "      <td>16.75±1.35</td>\n",
       "    </tr>\n",
       "  </tbody>\n",
       "</table>\n",
       "</div>"
      ],
      "text/plain": [
       "   External Metabolite         rate        rate_1\n",
       "0              albumin   1.56 ± 2.5     1.33±7.37\n",
       "1              glucose   32.64±4.54   55.79±7.12*\n",
       "2              lactate          0±0   23.60±4.87*\n",
       "3                 urea   51.76±2.07   60.24±2.85*\n",
       "4                  NH3    1.27±4.55  -24.16±1.73*\n",
       "5                  ASP    0.53±0.28     0.76±0.28\n",
       "6                  GLU    6.51±0.41   10.18±0.78*\n",
       "7                  SER   -4.05±0.85    -3.50±1.02\n",
       "8                  ASN    0.02±0.15    -0.08±0.01\n",
       "9                  GLY   -3.01±0.53    -4.02±0.91\n",
       "10                 GLN  -36.57±5.40   -30.62±2.42\n",
       "11                 HIS   -1.87±0.55    -0.77±0.32\n",
       "12                 THR   -3.89±0.94    -2.77±1.33\n",
       "13                 ARG   -9.97±1.87   -3.27±0.52*\n",
       "14                 ALA    1.08±0.28     1.17±0.59\n",
       "15                 PRO    0.98±0.64     0.84±0.30\n",
       "16                 TYR    1.15±0.42    -0.27±0.70\n",
       "17                 CYS    0.26±0.19    0.076±0.15\n",
       "18                 VAL    1.11±1.20     0.80±1.49\n",
       "19                 MET   -0.64±0.33    -1.01±0.36\n",
       "20                 ILE    0.52±1.09     0.21±1.23\n",
       "21                 ORN    4.58±0.50    1.24±0.35*\n",
       "22                 LEU    1.35±1.09     0.58±1.28\n",
       "23                 LYS   -3.03±1.17    -2.26±1.47\n",
       "24                 PHE   -2.75±0.38    -3.87±0.58\n",
       "25        acetoacetate   11.88±1.43    6.35±0.28*\n",
       "26   β-hydroxybutyrate   15.12±1.24    16.75±1.35"
      ]
     },
     "execution_count": 25,
     "metadata": {},
     "output_type": "execute_result"
    }
   ],
   "source": [
    "data_dir = os.path.abspath(\"data\")\n",
    "\n",
    "path = os.path.join(data_dir,\"Fluxes_Data.csv\")\n",
    "df = pd.read_csv(path) \n",
    "df"
   ]
  },
  {
   "cell_type": "code",
   "execution_count": 26,
   "metadata": {},
   "outputs": [
    {
     "data": {
      "text/plain": [
       "'32.64±4.54'"
      ]
     },
     "execution_count": 26,
     "metadata": {},
     "output_type": "execute_result"
    }
   ],
   "source": [
    "df.loc[1,\"rate\"]"
   ]
  },
  {
   "cell_type": "code",
   "execution_count": 27,
   "metadata": {},
   "outputs": [
    {
     "data": {
      "text/html": [
       "<div>\n",
       "<style scoped>\n",
       "    .dataframe tbody tr th:only-of-type {\n",
       "        vertical-align: middle;\n",
       "    }\n",
       "\n",
       "    .dataframe tbody tr th {\n",
       "        vertical-align: top;\n",
       "    }\n",
       "\n",
       "    .dataframe thead th {\n",
       "        text-align: right;\n",
       "    }\n",
       "</style>\n",
       "<table border=\"1\" class=\"dataframe\">\n",
       "  <thead>\n",
       "    <tr style=\"text-align: right;\">\n",
       "      <th></th>\n",
       "      <th>External Metabolite</th>\n",
       "      <th>rate</th>\n",
       "      <th>rate_1</th>\n",
       "      <th>SD_1</th>\n",
       "    </tr>\n",
       "  </thead>\n",
       "  <tbody>\n",
       "    <tr>\n",
       "      <th>0</th>\n",
       "      <td>albumin</td>\n",
       "      <td>1.56</td>\n",
       "      <td>1.33±7.37</td>\n",
       "      <td>2.5</td>\n",
       "    </tr>\n",
       "    <tr>\n",
       "      <th>1</th>\n",
       "      <td>glucose</td>\n",
       "      <td>32.64</td>\n",
       "      <td>55.79±7.12*</td>\n",
       "      <td>4.54</td>\n",
       "    </tr>\n",
       "    <tr>\n",
       "      <th>2</th>\n",
       "      <td>lactate</td>\n",
       "      <td>0</td>\n",
       "      <td>23.60±4.87*</td>\n",
       "      <td>0</td>\n",
       "    </tr>\n",
       "    <tr>\n",
       "      <th>3</th>\n",
       "      <td>urea</td>\n",
       "      <td>51.76</td>\n",
       "      <td>60.24±2.85*</td>\n",
       "      <td>2.07</td>\n",
       "    </tr>\n",
       "    <tr>\n",
       "      <th>4</th>\n",
       "      <td>NH3</td>\n",
       "      <td>1.27</td>\n",
       "      <td>-24.16±1.73*</td>\n",
       "      <td>4.55</td>\n",
       "    </tr>\n",
       "    <tr>\n",
       "      <th>5</th>\n",
       "      <td>ASP</td>\n",
       "      <td>0.53</td>\n",
       "      <td>0.76±0.28</td>\n",
       "      <td>0.28</td>\n",
       "    </tr>\n",
       "    <tr>\n",
       "      <th>6</th>\n",
       "      <td>GLU</td>\n",
       "      <td>6.51</td>\n",
       "      <td>10.18±0.78*</td>\n",
       "      <td>0.41</td>\n",
       "    </tr>\n",
       "    <tr>\n",
       "      <th>7</th>\n",
       "      <td>SER</td>\n",
       "      <td>-4.05</td>\n",
       "      <td>-3.50±1.02</td>\n",
       "      <td>0.85</td>\n",
       "    </tr>\n",
       "    <tr>\n",
       "      <th>8</th>\n",
       "      <td>ASN</td>\n",
       "      <td>0.02</td>\n",
       "      <td>-0.08±0.01</td>\n",
       "      <td>0.15</td>\n",
       "    </tr>\n",
       "    <tr>\n",
       "      <th>9</th>\n",
       "      <td>GLY</td>\n",
       "      <td>-3.01</td>\n",
       "      <td>-4.02±0.91</td>\n",
       "      <td>0.53</td>\n",
       "    </tr>\n",
       "    <tr>\n",
       "      <th>10</th>\n",
       "      <td>GLN</td>\n",
       "      <td>-36.57</td>\n",
       "      <td>-30.62±2.42</td>\n",
       "      <td>5.40</td>\n",
       "    </tr>\n",
       "    <tr>\n",
       "      <th>11</th>\n",
       "      <td>HIS</td>\n",
       "      <td>-1.87</td>\n",
       "      <td>-0.77±0.32</td>\n",
       "      <td>0.55</td>\n",
       "    </tr>\n",
       "    <tr>\n",
       "      <th>12</th>\n",
       "      <td>THR</td>\n",
       "      <td>-3.89</td>\n",
       "      <td>-2.77±1.33</td>\n",
       "      <td>0.94</td>\n",
       "    </tr>\n",
       "    <tr>\n",
       "      <th>13</th>\n",
       "      <td>ARG</td>\n",
       "      <td>-9.97</td>\n",
       "      <td>-3.27±0.52*</td>\n",
       "      <td>1.87</td>\n",
       "    </tr>\n",
       "    <tr>\n",
       "      <th>14</th>\n",
       "      <td>ALA</td>\n",
       "      <td>1.08</td>\n",
       "      <td>1.17±0.59</td>\n",
       "      <td>0.28</td>\n",
       "    </tr>\n",
       "    <tr>\n",
       "      <th>15</th>\n",
       "      <td>PRO</td>\n",
       "      <td>0.98</td>\n",
       "      <td>0.84±0.30</td>\n",
       "      <td>0.64</td>\n",
       "    </tr>\n",
       "    <tr>\n",
       "      <th>16</th>\n",
       "      <td>TYR</td>\n",
       "      <td>1.15</td>\n",
       "      <td>-0.27±0.70</td>\n",
       "      <td>0.42</td>\n",
       "    </tr>\n",
       "    <tr>\n",
       "      <th>17</th>\n",
       "      <td>CYS</td>\n",
       "      <td>0.26</td>\n",
       "      <td>0.076±0.15</td>\n",
       "      <td>0.19</td>\n",
       "    </tr>\n",
       "    <tr>\n",
       "      <th>18</th>\n",
       "      <td>VAL</td>\n",
       "      <td>1.11</td>\n",
       "      <td>0.80±1.49</td>\n",
       "      <td>1.20</td>\n",
       "    </tr>\n",
       "    <tr>\n",
       "      <th>19</th>\n",
       "      <td>MET</td>\n",
       "      <td>-0.64</td>\n",
       "      <td>-1.01±0.36</td>\n",
       "      <td>0.33</td>\n",
       "    </tr>\n",
       "    <tr>\n",
       "      <th>20</th>\n",
       "      <td>ILE</td>\n",
       "      <td>0.52</td>\n",
       "      <td>0.21±1.23</td>\n",
       "      <td>1.09</td>\n",
       "    </tr>\n",
       "    <tr>\n",
       "      <th>21</th>\n",
       "      <td>ORN</td>\n",
       "      <td>4.58</td>\n",
       "      <td>1.24±0.35*</td>\n",
       "      <td>0.50</td>\n",
       "    </tr>\n",
       "    <tr>\n",
       "      <th>22</th>\n",
       "      <td>LEU</td>\n",
       "      <td>1.35</td>\n",
       "      <td>0.58±1.28</td>\n",
       "      <td>1.09</td>\n",
       "    </tr>\n",
       "    <tr>\n",
       "      <th>23</th>\n",
       "      <td>LYS</td>\n",
       "      <td>-3.03</td>\n",
       "      <td>-2.26±1.47</td>\n",
       "      <td>1.17</td>\n",
       "    </tr>\n",
       "    <tr>\n",
       "      <th>24</th>\n",
       "      <td>PHE</td>\n",
       "      <td>-2.75</td>\n",
       "      <td>-3.87±0.58</td>\n",
       "      <td>0.38</td>\n",
       "    </tr>\n",
       "    <tr>\n",
       "      <th>25</th>\n",
       "      <td>acetoacetate</td>\n",
       "      <td>11.88</td>\n",
       "      <td>6.35±0.28*</td>\n",
       "      <td>1.43</td>\n",
       "    </tr>\n",
       "    <tr>\n",
       "      <th>26</th>\n",
       "      <td>β-hydroxybutyrate</td>\n",
       "      <td>15.12</td>\n",
       "      <td>16.75±1.35</td>\n",
       "      <td>1.24</td>\n",
       "    </tr>\n",
       "  </tbody>\n",
       "</table>\n",
       "</div>"
      ],
      "text/plain": [
       "   External Metabolite    rate        rate_1  SD_1\n",
       "0              albumin   1.56      1.33±7.37   2.5\n",
       "1              glucose   32.64   55.79±7.12*  4.54\n",
       "2              lactate       0   23.60±4.87*     0\n",
       "3                 urea   51.76   60.24±2.85*  2.07\n",
       "4                  NH3    1.27  -24.16±1.73*  4.55\n",
       "5                  ASP    0.53     0.76±0.28  0.28\n",
       "6                  GLU    6.51   10.18±0.78*  0.41\n",
       "7                  SER   -4.05    -3.50±1.02  0.85\n",
       "8                  ASN    0.02    -0.08±0.01  0.15\n",
       "9                  GLY   -3.01    -4.02±0.91  0.53\n",
       "10                 GLN  -36.57   -30.62±2.42  5.40\n",
       "11                 HIS   -1.87    -0.77±0.32  0.55\n",
       "12                 THR   -3.89    -2.77±1.33  0.94\n",
       "13                 ARG   -9.97   -3.27±0.52*  1.87\n",
       "14                 ALA    1.08     1.17±0.59  0.28\n",
       "15                 PRO    0.98     0.84±0.30  0.64\n",
       "16                 TYR    1.15    -0.27±0.70  0.42\n",
       "17                 CYS    0.26    0.076±0.15  0.19\n",
       "18                 VAL    1.11     0.80±1.49  1.20\n",
       "19                 MET   -0.64    -1.01±0.36  0.33\n",
       "20                 ILE    0.52     0.21±1.23  1.09\n",
       "21                 ORN    4.58    1.24±0.35*  0.50\n",
       "22                 LEU    1.35     0.58±1.28  1.09\n",
       "23                 LYS   -3.03    -2.26±1.47  1.17\n",
       "24                 PHE   -2.75    -3.87±0.58  0.38\n",
       "25        acetoacetate   11.88    6.35±0.28*  1.43\n",
       "26   β-hydroxybutyrate   15.12    16.75±1.35  1.24"
      ]
     },
     "execution_count": 27,
     "metadata": {},
     "output_type": "execute_result"
    }
   ],
   "source": [
    "list_1 = []\n",
    "for r in df.index:\n",
    "    number_ = df.loc[r,\"rate\"].split(\"±\")\n",
    "    # print(number_)\n",
    "    df.loc[r,\"rate\"] = number_[0]\n",
    "    add_on = number_[1]\n",
    "    list_1.append(add_on)\n",
    "df[\"SD_1\"]= list_1\n",
    "df"
   ]
  },
  {
   "cell_type": "code",
   "execution_count": 28,
   "metadata": {},
   "outputs": [
    {
     "data": {
      "text/html": [
       "<div>\n",
       "<style scoped>\n",
       "    .dataframe tbody tr th:only-of-type {\n",
       "        vertical-align: middle;\n",
       "    }\n",
       "\n",
       "    .dataframe tbody tr th {\n",
       "        vertical-align: top;\n",
       "    }\n",
       "\n",
       "    .dataframe thead th {\n",
       "        text-align: right;\n",
       "    }\n",
       "</style>\n",
       "<table border=\"1\" class=\"dataframe\">\n",
       "  <thead>\n",
       "    <tr style=\"text-align: right;\">\n",
       "      <th></th>\n",
       "      <th>External Metabolite</th>\n",
       "      <th>rate</th>\n",
       "      <th>rate_1</th>\n",
       "      <th>SD_1</th>\n",
       "      <th>SD_2</th>\n",
       "    </tr>\n",
       "  </thead>\n",
       "  <tbody>\n",
       "    <tr>\n",
       "      <th>0</th>\n",
       "      <td>albumin</td>\n",
       "      <td>1.56</td>\n",
       "      <td>1.33</td>\n",
       "      <td>2.5</td>\n",
       "      <td>7.37</td>\n",
       "    </tr>\n",
       "    <tr>\n",
       "      <th>1</th>\n",
       "      <td>glucose</td>\n",
       "      <td>32.64</td>\n",
       "      <td>55.79</td>\n",
       "      <td>4.54</td>\n",
       "      <td>7.12*</td>\n",
       "    </tr>\n",
       "    <tr>\n",
       "      <th>2</th>\n",
       "      <td>lactate</td>\n",
       "      <td>0</td>\n",
       "      <td>23.60</td>\n",
       "      <td>0</td>\n",
       "      <td>4.87*</td>\n",
       "    </tr>\n",
       "    <tr>\n",
       "      <th>3</th>\n",
       "      <td>urea</td>\n",
       "      <td>51.76</td>\n",
       "      <td>60.24</td>\n",
       "      <td>2.07</td>\n",
       "      <td>2.85*</td>\n",
       "    </tr>\n",
       "    <tr>\n",
       "      <th>4</th>\n",
       "      <td>NH3</td>\n",
       "      <td>1.27</td>\n",
       "      <td>-24.16</td>\n",
       "      <td>4.55</td>\n",
       "      <td>1.73*</td>\n",
       "    </tr>\n",
       "    <tr>\n",
       "      <th>5</th>\n",
       "      <td>ASP</td>\n",
       "      <td>0.53</td>\n",
       "      <td>0.76</td>\n",
       "      <td>0.28</td>\n",
       "      <td>0.28</td>\n",
       "    </tr>\n",
       "    <tr>\n",
       "      <th>6</th>\n",
       "      <td>GLU</td>\n",
       "      <td>6.51</td>\n",
       "      <td>10.18</td>\n",
       "      <td>0.41</td>\n",
       "      <td>0.78*</td>\n",
       "    </tr>\n",
       "    <tr>\n",
       "      <th>7</th>\n",
       "      <td>SER</td>\n",
       "      <td>-4.05</td>\n",
       "      <td>-3.50</td>\n",
       "      <td>0.85</td>\n",
       "      <td>1.02</td>\n",
       "    </tr>\n",
       "    <tr>\n",
       "      <th>8</th>\n",
       "      <td>ASN</td>\n",
       "      <td>0.02</td>\n",
       "      <td>-0.08</td>\n",
       "      <td>0.15</td>\n",
       "      <td>0.01</td>\n",
       "    </tr>\n",
       "    <tr>\n",
       "      <th>9</th>\n",
       "      <td>GLY</td>\n",
       "      <td>-3.01</td>\n",
       "      <td>-4.02</td>\n",
       "      <td>0.53</td>\n",
       "      <td>0.91</td>\n",
       "    </tr>\n",
       "    <tr>\n",
       "      <th>10</th>\n",
       "      <td>GLN</td>\n",
       "      <td>-36.57</td>\n",
       "      <td>-30.62</td>\n",
       "      <td>5.40</td>\n",
       "      <td>2.42</td>\n",
       "    </tr>\n",
       "    <tr>\n",
       "      <th>11</th>\n",
       "      <td>HIS</td>\n",
       "      <td>-1.87</td>\n",
       "      <td>-0.77</td>\n",
       "      <td>0.55</td>\n",
       "      <td>0.32</td>\n",
       "    </tr>\n",
       "    <tr>\n",
       "      <th>12</th>\n",
       "      <td>THR</td>\n",
       "      <td>-3.89</td>\n",
       "      <td>-2.77</td>\n",
       "      <td>0.94</td>\n",
       "      <td>1.33</td>\n",
       "    </tr>\n",
       "    <tr>\n",
       "      <th>13</th>\n",
       "      <td>ARG</td>\n",
       "      <td>-9.97</td>\n",
       "      <td>-3.27</td>\n",
       "      <td>1.87</td>\n",
       "      <td>0.52*</td>\n",
       "    </tr>\n",
       "    <tr>\n",
       "      <th>14</th>\n",
       "      <td>ALA</td>\n",
       "      <td>1.08</td>\n",
       "      <td>1.17</td>\n",
       "      <td>0.28</td>\n",
       "      <td>0.59</td>\n",
       "    </tr>\n",
       "    <tr>\n",
       "      <th>15</th>\n",
       "      <td>PRO</td>\n",
       "      <td>0.98</td>\n",
       "      <td>0.84</td>\n",
       "      <td>0.64</td>\n",
       "      <td>0.30</td>\n",
       "    </tr>\n",
       "    <tr>\n",
       "      <th>16</th>\n",
       "      <td>TYR</td>\n",
       "      <td>1.15</td>\n",
       "      <td>-0.27</td>\n",
       "      <td>0.42</td>\n",
       "      <td>0.70</td>\n",
       "    </tr>\n",
       "    <tr>\n",
       "      <th>17</th>\n",
       "      <td>CYS</td>\n",
       "      <td>0.26</td>\n",
       "      <td>0.076</td>\n",
       "      <td>0.19</td>\n",
       "      <td>0.15</td>\n",
       "    </tr>\n",
       "    <tr>\n",
       "      <th>18</th>\n",
       "      <td>VAL</td>\n",
       "      <td>1.11</td>\n",
       "      <td>0.80</td>\n",
       "      <td>1.20</td>\n",
       "      <td>1.49</td>\n",
       "    </tr>\n",
       "    <tr>\n",
       "      <th>19</th>\n",
       "      <td>MET</td>\n",
       "      <td>-0.64</td>\n",
       "      <td>-1.01</td>\n",
       "      <td>0.33</td>\n",
       "      <td>0.36</td>\n",
       "    </tr>\n",
       "    <tr>\n",
       "      <th>20</th>\n",
       "      <td>ILE</td>\n",
       "      <td>0.52</td>\n",
       "      <td>0.21</td>\n",
       "      <td>1.09</td>\n",
       "      <td>1.23</td>\n",
       "    </tr>\n",
       "    <tr>\n",
       "      <th>21</th>\n",
       "      <td>ORN</td>\n",
       "      <td>4.58</td>\n",
       "      <td>1.24</td>\n",
       "      <td>0.50</td>\n",
       "      <td>0.35*</td>\n",
       "    </tr>\n",
       "    <tr>\n",
       "      <th>22</th>\n",
       "      <td>LEU</td>\n",
       "      <td>1.35</td>\n",
       "      <td>0.58</td>\n",
       "      <td>1.09</td>\n",
       "      <td>1.28</td>\n",
       "    </tr>\n",
       "    <tr>\n",
       "      <th>23</th>\n",
       "      <td>LYS</td>\n",
       "      <td>-3.03</td>\n",
       "      <td>-2.26</td>\n",
       "      <td>1.17</td>\n",
       "      <td>1.47</td>\n",
       "    </tr>\n",
       "    <tr>\n",
       "      <th>24</th>\n",
       "      <td>PHE</td>\n",
       "      <td>-2.75</td>\n",
       "      <td>-3.87</td>\n",
       "      <td>0.38</td>\n",
       "      <td>0.58</td>\n",
       "    </tr>\n",
       "    <tr>\n",
       "      <th>25</th>\n",
       "      <td>acetoacetate</td>\n",
       "      <td>11.88</td>\n",
       "      <td>6.35</td>\n",
       "      <td>1.43</td>\n",
       "      <td>0.28*</td>\n",
       "    </tr>\n",
       "    <tr>\n",
       "      <th>26</th>\n",
       "      <td>β-hydroxybutyrate</td>\n",
       "      <td>15.12</td>\n",
       "      <td>16.75</td>\n",
       "      <td>1.24</td>\n",
       "      <td>1.35</td>\n",
       "    </tr>\n",
       "  </tbody>\n",
       "</table>\n",
       "</div>"
      ],
      "text/plain": [
       "   External Metabolite    rate  rate_1  SD_1   SD_2\n",
       "0              albumin   1.56     1.33   2.5   7.37\n",
       "1              glucose   32.64   55.79  4.54  7.12*\n",
       "2              lactate       0   23.60     0  4.87*\n",
       "3                 urea   51.76   60.24  2.07  2.85*\n",
       "4                  NH3    1.27  -24.16  4.55  1.73*\n",
       "5                  ASP    0.53    0.76  0.28   0.28\n",
       "6                  GLU    6.51   10.18  0.41  0.78*\n",
       "7                  SER   -4.05   -3.50  0.85   1.02\n",
       "8                  ASN    0.02   -0.08  0.15   0.01\n",
       "9                  GLY   -3.01   -4.02  0.53   0.91\n",
       "10                 GLN  -36.57  -30.62  5.40   2.42\n",
       "11                 HIS   -1.87   -0.77  0.55   0.32\n",
       "12                 THR   -3.89   -2.77  0.94   1.33\n",
       "13                 ARG   -9.97   -3.27  1.87  0.52*\n",
       "14                 ALA    1.08    1.17  0.28   0.59\n",
       "15                 PRO    0.98    0.84  0.64   0.30\n",
       "16                 TYR    1.15   -0.27  0.42   0.70\n",
       "17                 CYS    0.26   0.076  0.19   0.15\n",
       "18                 VAL    1.11    0.80  1.20   1.49\n",
       "19                 MET   -0.64   -1.01  0.33   0.36\n",
       "20                 ILE    0.52    0.21  1.09   1.23\n",
       "21                 ORN    4.58    1.24  0.50  0.35*\n",
       "22                 LEU    1.35    0.58  1.09   1.28\n",
       "23                 LYS   -3.03   -2.26  1.17   1.47\n",
       "24                 PHE   -2.75   -3.87  0.38   0.58\n",
       "25        acetoacetate   11.88    6.35  1.43  0.28*\n",
       "26   β-hydroxybutyrate   15.12   16.75  1.24   1.35"
      ]
     },
     "execution_count": 28,
     "metadata": {},
     "output_type": "execute_result"
    }
   ],
   "source": [
    "list_1 = []\n",
    "for r in df.index:\n",
    "    number_ = df.loc[r,\"rate_1\"].split(\"±\")\n",
    "    # print(number_)\n",
    "    df.loc[r,\"rate_1\"] = number_[0]\n",
    "    add_on = number_[1]\n",
    "    list_1.append(add_on)\n",
    "df[\"SD_2\"]= list_1\n",
    "df"
   ]
  },
  {
   "cell_type": "code",
   "execution_count": 29,
   "metadata": {},
   "outputs": [],
   "source": [
    "df.to_csv(path)"
   ]
  },
  {
   "cell_type": "code",
   "execution_count": null,
   "metadata": {},
   "outputs": [],
   "source": []
  }
 ],
 "metadata": {
  "kernelspec": {
   "display_name": "massliver",
   "language": "python",
   "name": "python3"
  },
  "language_info": {
   "codemirror_mode": {
    "name": "ipython",
    "version": 3
   },
   "file_extension": ".py",
   "mimetype": "text/x-python",
   "name": "python",
   "nbconvert_exporter": "python",
   "pygments_lexer": "ipython3",
   "version": "3.8.12 (default, Oct 12 2021, 03:01:40) [MSC v.1916 64 bit (AMD64)]"
  },
  "orig_nbformat": 4,
  "vscode": {
   "interpreter": {
    "hash": "dac1de4d04d521f2478106b8cf0804304a8a54afaab58ac4b602c07888c6e2cc"
   }
  }
 },
 "nbformat": 4,
 "nbformat_minor": 2
}
